  #     beta     phi_d     phi_m   phi_m_small     phi_m_smoomth_x     phi_m_smoomth_y     phi_m_smoomth_z      phi
   1 2.2813e-10 1.0390e+05 1.3934e+10 1.3851e+10 2.1765e+07 3.8409e+07  2.3080e+07  1.0390e+05
   2 1.1407e-10 1.0314e+05 1.6346e+10 1.6175e+10 3.1615e+07 8.1086e+07  5.7999e+07  1.0314e+05
   3 1.1407e-10 1.0306e+05 1.6388e+10 1.6216e+10 3.2071e+07 8.3582e+07  5.6042e+07  1.0306e+05
   4 5.7033e-11 1.0300e+05 1.6404e+10 1.6232e+10 3.2453e+07 8.5736e+07  5.4516e+07  1.0300e+05
   5 5.7033e-11 1.0299e+05 1.6427e+10 1.6251e+10 3.3129e+07 8.8820e+07  5.3834e+07  1.0299e+05
   6 2.8517e-11 1.0289e+05 1.6437e+10 1.6260e+10 3.3395e+07 9.0045e+07  5.3807e+07  1.0289e+05
   7 2.8517e-11 1.0277e+05 1.6451e+10 1.6272e+10 3.3699e+07 9.1735e+07  5.3588e+07  1.0277e+05
   8 1.4258e-11 1.0275e+05 1.6458e+10 1.6276e+10 3.4136e+07 9.4010e+07  5.3668e+07  1.0275e+05
   9 1.4258e-11 1.0261e+05 1.6458e+10 1.6273e+10 3.4547e+07 9.6668e+07  5.3543e+07  1.0262e+05
  10 7.1292e-12 1.0235e+05 1.6440e+10 1.6252e+10 3.4893e+07 9.8711e+07  5.3937e+07  1.0235e+05
  11 7.1292e-12 1.0230e+05 1.6379e+10 1.6186e+10 3.5490e+07 1.0175e+08  5.5687e+07  1.0230e+05
  12 3.5646e-12 1.0183e+05 1.6337e+10 1.6140e+10 3.5967e+07 1.0403e+08  5.7530e+07  1.0183e+05
  13 3.5646e-12 1.0124e+05 1.6258e+10 1.6056e+10 3.7005e+07 1.0591e+08  5.9153e+07  1.0124e+05
  14 1.7823e-12 9.9559e+04 1.5588e+10 1.5392e+10 3.5990e+07 9.9453e+07  6.1199e+07  9.9559e+04
  15 1.7823e-12 9.5919e+04 1.5156e+10 1.4947e+10 4.0956e+07 1.0549e+08  6.2052e+07  9.5919e+04
  16 8.9114e-13 9.5321e+04 1.5174e+10 1.4962e+10 4.2165e+07 1.0731e+08  6.2025e+07  9.5321e+04
  17 8.9114e-13 9.4056e+04 1.5197e+10 1.4972e+10 4.5785e+07 1.1321e+08  6.6285e+07  9.4056e+04
  18 4.4557e-13 9.3996e+04 1.4530e+10 1.4281e+10 5.4046e+07 1.1492e+08  8.0418e+07  9.3996e+04
  19 4.4557e-13 9.3945e+04 1.4696e+10 1.4451e+10 5.3309e+07 1.1460e+08  7.6743e+07  9.3945e+04
  20 2.2279e-13 9.3589e+04 1.4859e+10 1.4613e+10 5.3144e+07 1.1680e+08  7.5783e+07  9.3589e+04
  21 2.2279e-13 9.3579e+04 1.4990e+10 1.4748e+10 5.1503e+07 1.1722e+08  7.3367e+07  9.3579e+04
  22 1.1139e-13 9.3579e+04 1.4990e+10 1.4748e+10 5.1503e+07 1.1722e+08  7.3367e+07  9.3579e+04
  23 1.1139e-13 9.3579e+04 1.4990e+10 1.4748e+10 5.1503e+07 1.1722e+08  7.3367e+07  9.3579e+04
